i = 200.000000 
fRate = 0.975000 
